251895136
3914673265
4092764326
3590176551
1022463605
2437843866
280920936
125028758
3965556781
1034142344
3834158460
1148144999
2242696296
3584290227
4127492602
997560858
1879364065
1520844991
1714153551
498746444
475182917
2119131276
856614774
1539945563
822847404
1437166762
2476821803
2838302765
1509212721
618432308
675803548
3162451862
1055002404
2421185525
36280518
2609234669
3243106006
2548383360
1778169635
2054153645
96866307
2083871039
430631933
1925424989
435135499
1959532073
1167813256
989302677
2751557547
2686351400
1741083050
441934925
3786539597
1727956628
539514407
362355058
1133615282
4139598335
3362236495
3335990606
2245504370
143330967
586646260
3099575690
1934095510
2902164773
1551934869
138231866
255939411
798239483
2922303217
3836876789
271519566
2031217365
463021078
3298386529
3075086252
2720028230
3512970775
2063324031
219954726
687404445
46615870
1602222660
1720694010
1868508488
2520329013
1043671077
3187499791
2143866501
2638888316
1537097312
4266322069
4020577798
3312341190
2350235231
1167402023
902529407
1431572076
2942698767
3909840006
1189256593
1553230092
2435691493
1017289632
2030036770
2554161625
2175879802
677820144
1607080717
2817176728
1799280409
1717457237
1246010568
2113406798
2127554060
4065696917
1255095420
21136720
2243853586
601005735
224098701
2263044692
2712291464
962778264
3201018410
2245132050
1594784230
660104566
2345883935
2710934190
944856502
1320715444
392449656
2955616439
928629349
1438876459
2640081976
617297830
4005833758
2134400969
1037242427
2070377514
886819692
382602466
1998893322
2092767227
3817293095
2831635716
3603116868
1806603442
153242306
3659926501
3110823948
3351186756
2516769761
1094788523
2627530346
3830625991
637325819
1911458890
3058946797
833344488
791101804
2054455746
1089062679
2617180468
1978295957
869387881
2922763609
1326249651
2775793693
321152226
3185254085
1561579631
3364612919
3934008590
2487917643
1330529777
698150724
2721660910
2447641686
1826303985
1516489241
2851676125
239202775
832553153
943144078
2221608775
2362051228
3951758242
2554993479
332431296
3140533834
3279174538
3512536171
1461288348
2098105989
2903110341
1878265862
3052561465
896671402
3905594012
2715837571
2043049846
834482356
2978495306
724028517
3097331399
1271573770
273790463
3164484711
2245968534
831088601
2224675025
4023399110
3855018131
840818690
3372776170
3960250407
1512806723
2963471065
1646724384
3236040341
3549891874
1421068068
1163979302
1197868691
3556631303
776097827
4062364685
1865048032
2180097152
590114903
1303528225
3045494796
612989876
20161372
191113601
4211549477
1914476644
1240808553
1416888049
112727946
3857293729
3706430161
1472028091
4165539791
818139418
1262547035
103543966
2354896455
4253684428
1845142091
2142036853
3138038409
739443749
215301960
185262594
2176381662
3714895322
589123331
2098716865
3668934535
4069675145
3271881959
3686361830
1704349587
4268457677
3527351312
196898831
2720261563
2253241370
684273425
2772390765
1934761348
794775060
1450857833
1000362754
2118642957
2356967096
1399406568
3983519725
2215452877
4065903899
441386653
2261699518
3102083832
2401565794
2486429612
833565533
3716022058
568280525
2059254245
2586298118
36871108
2677735882
753553424
3923090238
1786332845
2308331662
260794131
1389943064
2557101242
1876028207
367303363
3347700097
1781127674
1859384758
2974132049
1982446097
2129475250
2196965666
1350891367
2180901187
2880978472
3798169914
852103716
3542810589
617911588
204363328
1911282056
172752339
1312695318
1798624851
119803521
774354492
3260003491
1727828781
4018696389
2570990780
1918517276
1594598647
952693725
1158157315
2128995112
3252414311
3920979561
3518064859
3504305364
2841091014
56418540
1306433265
1105553803
2374841255
3413796447
2063329253
2618884395
3258496016
3645158207
2986942638
262070634
2955834268
4277826941
962573260
3877531458
3970171108
189452811
1208763316
3878826090
2420247845
2752322479
783760346
553486040
4126696044
3542941093
1713054158
476012275
3810841552
3728779340
1665843740
4217025670
2176839748
3101740301
4137736091
3786037266
761261944
367425784
3461675178
3066425678
1701907621
2020085569
2830431163
2432152029
185185695
320777117
4148619063
3149711126
1645568529
1554265092
836609821
1132349000
1518834879
2019375005
246634903
3087724916
2896235450
3651797422
1663817335
242181033
1227617076
3150625711
3949753171
1258408368
755764416
3939863545
4137958501
3458360490
838864368
803844893
3636867327
1573625032
1823105677
1051909023
3142519731
4156169597
2477300093
1767897099
3613359604
3269848742
2993311083
2027393860
339931667
1049366574
2436569803
3624249690
2217534741
1812525691
648425105
1391659058
1558431268
1733977013
786309102
878923325
2928632354
156384629
2113520304
4181598823
2470786795
1910975981
285346766
332280017
3729281569
3593259775
4034956837
3343504862
2867637664
587675277
1594184511
1711360819
885761590
1515413359
47627104
1816739236
2491572698
3868149406
2891458698
3982233849
3085686895
3005528944
4263485635
2361652947
3833068515
320543362
2222051609
2906667580
582508675
4067884636
3117213856
3102352487
4211891201
2185310674
2319204382
3126624499
2388592667
3196030662
979557856
1525391169
2337791831
1447652506
1596707732
3806755916
1074454567
1366116258
2754033183
1860131231
3688202620
4208284552
4225182732
2587957015
1719714540
3336973056
952183968
1527635471
2133788709
3227163313
2055105436
3230695587
3697017471
74303256
3036447917
4002406703
1577729773
3004979108
3160376932
3288838422
2112467582
1383506841
1512444369
1867940572
4263691118
3691039694
1435889865
2580913457
916154706
3366229705
2488609925
2383911472
4105726801
3132401100
3562150013
3118744177
4196012333
2351715360
3212135300
3325077379
4221154149
4144979958
1612502401
2164073897
1594944300
3447568747
3306293360
2179604147
1166412980
2627004166
99973952
413405526
2416712389
1492458840
4127676401
2503414721
1997826452
215252456
787849751
3585189066
2090739179
2347827941
2032422148
3635153214
284950587
3628876309
3059892629
887144657
3532378204
4286817690
3180858292
3096517627
4066051045
2426941705
3866444074
3746034569
3787856881
933079713
1567402722
3150672799
805184514
1241882946
3590792492
2984748882
1747359600
979131801
3249336356
250091046
2766596176
3712713704
3140554016
3719383886
2864750309
4112046935
620098694
2544213895
4199012263
3764191441
4231302249
213123414
156105070
1986742669
2347062071
2984198613
3073867953
3989152680
3379236377
2069419354
2825085297
1696381046
3038878142
3353928994
3353402390
3200778559
3836021651
2447363400
764337205
746187621
388068581
860952133
1200619403
2032702030
815087477
647129783
508501996
1441744186
2225625138
1991233542
816254511
3496113915
641516452
263216648
3754058814
889058204
451101607
2012121073
4105217236
3306198636
2573464289
1300665929
747133980
368914541
3270819549
1217915110
2995740273
1990055655
126759194
2361534825
2705292348
3811454573
2750554989
3575906505
693064235
2805082204
3774688798
1028344989
2513545732
1740294072
3073700122
2124991654
3043367655
538550507
1954203778
1745399404
86059991
1420455091
2528244353
1875661028
3135554088
3091408532
1481057329
3431854133
3914689291
3941054493
137820759
1092826622
782002577
555882310
2727387315
1032632072
2367315611
2958348723
3017582729
2613922767
683586349
385747322
3803885603
888182723
817865048
3184132392
1642526748
337151093
187939507
82061619
1391764510
3587216882
2668598252
446691982
1011637394
870005467
2061343462
2922866981
2202192509
4212554854
3545009287
2751293524
800089160
477371298
149053102
3733553857
1093978374
95782316
4290792767
2006780482
3945811402
2231342939
599687221
3160748001
189271796
2023125844
1492990551
2259196860
2456267498
3488111564
3314519640
1469942262
3037319386
2311745400
3846892750
1556523442
3773623012
3758696521
2399344385
330604459
3660837705
1121623942
1378904369
331430015
363928628
2332819711
2212909673
1191920998
3181376129
4224704620
1133229250
706903068
1708496320
953431448
553138779
1397116874
299681166
959113934
3798269868
1858259408
3502521015
3642510865
1963533728
3843884658
749189395
2274133237
1180951648
2467182373
488481008
2262880744
505221721
130210984
290870959
2647025583
139100745
4074792896
2269167112
3410395267
1300265777
4210014795
2012916633
436389095
3732670896
3771895933
1047043528
3879740375
717707871
858220650
3778036999
1500214087
1963487556
1162718734
3221194736
4017702480
641071417
1184258381
754515582
1222665948
3180839238
2824484357
2307943493
3001111307
4086257775
3481545539
3509451899
1587914859
3506761758
3676659015
1674777918
2446094507
2881627962
2984029558
4279441266
3956464928
2045409437
1874481863
2231295961
299251212
1106898531
667682975
3844707129
4152434832
3565009517
2736810991
2349823719
2804192241
4175466965
1212509064
854319906
4126187158
2043580422
1260766138
1275366368
2858430689
135815461
1041808198
4150755321
3308037941
1377196244
3060561007
2277988148
867791952
4148522636
3829040779
3742380832
1381614505
260351676
3939807469
2964312914
2497773185
83416063
2622407677
2740434534
3020829820
1636110298
3296914058
4071532484
3347944486
1613308105
1708461535
3759275145
199224463
519932293
782017192
2872373613
930289396
4272993674
854355123
1749278102
1465563355
3444616470
998925493
3421329808
3308690288
3012621601
1972377955
2126501774
3307640546
2688472847
2505800702
2120394821
4162956069
2838690208
2014437752
2127650543
2476375155
858316684
40556621
984706972
2411072405
2516434777
3668062430
3384105800
727134715
3690926506
1334656282
2215452652
3368499414
3797118600
3649591278
2738931217
3765077443
208614978
3711865399
2394943835
917609899
2551398925
910163386
1381079556
308487452
2674898020
351922031
4201134495
9992343
56585230
2391656623
526426960
3803816120
2942071952
2774458249
2353758009
2856569519
289385063
1234478557
3129376123
1153095225
3877071148
1661774219
842053473
1988198682
1166305791
303350071
772939822
2630666077
1573984704
2074889113
144651418
4027642245
3798596384
3105135722
3785732570
2251554421
1942203412
2364504800
1008877735
3354202005
3036279684
663072833
2228197497
3098755
4061629151
81031809
371672507
4089135004
1109677854
3926781181
2793140260
1343782836
2927556857
648214735
3724240800
1826212524
360200310
3136580805
1147630845
3646414562
2776011214
3210076870
1163100345
444503534
2522659789
1473424463
722712031
3745386862
3135491435
831995999
3348341512
3172568632
4089399054
3929290011
3913714911
2774124182
1410965748
431652018
373522261
752170616
1555559229
2343892410
2889206174
1973964510
2477306135
1186896052
3228169462
3887049429
1220836443
3638825616
3708745407
951179952
437209761
3884119477
1185855695
99581569
2500041616
3116694146
3103733596
2309169466
1044479350
4161279382
2993732154
1631288913
1271828253
3398180534
548585795
3217439380
545690185
1816090147
2548289718
3746625714
721598801
849101166
3894777299
1551409272
2609576799
2316753367
2582843830
684406197
1823992071
3335829470
1289177974
1789653690
2042805389
3502792468
3580925486
1244621980
1447680044
2221846233
1964953177
2123681011
703419629
2432494509
2703883313
2050134574
2699363730
2302188837
1334179550
3778515308
1349263468
1407741343
1299260104
2597201752
371186633
2278299445
1733532427
2099922802
303775193
3798130256
2947787608
2290593499
2308053486
3951587615
2752757498
4111610986
548611038
2399261269
1450450437
1669088961
1162820179
781854788
3419334468
3465995587
4169209807
3302520506
932515921
686660162
3802362605
1163737473
2058092727
3246343427
1930448247
3213684439
1164142953
1246115386
1316135108
1985491082
2832427760
1485442074
494349024
2789042261
2774074135
1410635747
1692431936
90631584
2850168596
3129741538
640807251
1530719469
1797824695
560336983
2176446146
2109101480
3052921718
3116458413
59548836
3272966238
2947302501
1213489795
3372028294
3820328314
2383158074
1011945600
3930830895
1388828160
2471239629
1006181435
567605878
2357448183
252762569
1848920008
3079619378
3145615680
1363155531
1105727031
3600817368
1461408161
480569534
3912949874
3823650224
3347621344
3358283132
1400530974
1096151890
3500669013
2366989816
4138581386
291642388
2405204419
3863860186
306917351
1829680333
3608026511
1219028613
2378094582
1120240384
1030400392
1066373759
3360033772
193720075
2967618165
3421918823
3810247148
3196698501
4037342857
1607574653
3837237409
2894298022
228473432
1137093192
3856454173
3168035610
1414774741
2274001988
3237573355
1512751018
974475133
2611913202
2129099228
2216586109
1078262871
730629662
2890230210
1497659456
2508940193
1709948946
3206442586
3166218083
1442188197
3271780293
2731948361
3492532185
1413081566
3796597784
2673008330
648012700
1452714316
3465694715
2344032243
1374186400
3147644680
600153886
735912148
3622318117
1111103287
3755787342
200446262
924875458
581505195
54315069
3439436569
1225138949
4083731535
3663471589
1862620975
2789940605
3175015966
2313153885
4134975183
719010274
4227986937
892980578
2367358899
499889087
3295668884
2887678149
2258423992
2967471522
3785972453
1759206105
3196172852
1577152067
2641989263
356498874
3758325681
3609277556
3444473789
235790999
2124101755
69486469
520572854
977098473
3146888493
1607291246
2272293611
388018234
147058528
1290023621
4080915846
4208875599
3034910122
2171760950
856904889
2391681620
1782503638
2059267662
2207610782
1506316692
291299037
1616706895
266110657
3485868483
3778403105
3065044386
1992045422
495971760
2310612442
1423898481
3741652664
1513690640
3900221344
3122264130
1758206003
3825404005
1578136601
1548570974
2662043242
2852970000
462704067
80605194
445844421
1234456507
2199831900
3739071988
3580594736
1079697426
2306851959
1646994440
2867111266
2410965221
430506015
1186243867
2355868463
285144116
643466190
1329576735
4195243955
3064207124
2330088035
3720108945
2309068062
3650576328
643737511
1102703872
1551022732
3698531396
4217159995
3979137429
3734597656
750817702
188335469
800101190
3743709731
2884962636
3934362470
1788354556
3224621306
2211564757
2727210235
3408556140
3901097714
2854044081
3707733635
3665098479
1274477391
3292651519
281478534
4032041647
287611025
1605270245
3143108169
3960841679
2293628818
3184593210
3672532478
2427818433
1313439229
2828074352
2674709494
1181508033
2527795813
3790445535
1825950229
2882837406
921664053
3155347558
4068972595
3852164776
3394152157
1909912125
3862987553
657804577
2849359566
4163204209
2381639513
791859169
4153048986
1726103633
866195196
2372358294
109849236
226896905
3353058659
1246860498
3971975577
3749816444
2985651561
3973482579
664239862
3743076979
199170954
632154509
1796500449
2368938093
1353065863
2246353979
3880039710
3347165749
3746453136
3606040081
859607723
3605703736
1823413416
3463750753
372125663
673693065
3892247686
883492100
87872192
2070460585
2969883799
3175393075
2135783427
643347923
2535227429
2226337402
4272397279
3162073526
1305699724
4215437944
661399792
1754731133
2187920328
807309027
2705092903
3585966899
3605027549
1834528080
2880340709
2577700316
4104261222
2749848045
1127346710
3577429589
3233581574
502128559
1162266660
3306228981
4032531568
1477034735
1064994045
1337408587
2513133895
919553525
4136335023
2240211438
564694567
1462933362
28775760
288761072
844639441
2877299691
235412428
3599646579
42262434
3437121670
3695398525
3262773724
630497664
166058340
1984865590
2115264363
2629252656
3230073250
946091984
3640581990
2710945050
516486825
1165595665
1573762614
1703069426
3517748602
2645561871
833127035
4248644033
3107728325
1526161149
3996471729
3441161084
262724811
1408169003
4093246891
818419997
180558443
4136936665
710516382
2466472610
1811690936
2066083574
103029768
2292075377
560028155
1103931287
1985983303
3067784313
2946838929
1986056706
3466396669
603556233
4036928375
279280481
2435870564
757315388
1692425876
4104327641
3591306826
361905067
3451408384
1233898208
3049174605
1618508405
2799389813
3580268881
879216111
3482287162
2766915914
648645636
3164586838
3813446934
2920663697
3620295806
1187774156
768490317
1210559148
209150878
1342962258
4104500020
3288300760
3346054136
4154475117
2159632591
382941183
4183546943
2042884210
2930829275
137225723
2889386904
1600135025
3531345297
3401980678
3565541531
2334067245
2322783839
3716092004
2838091080
2269064346
3551644106
3678644634
4249435986
3775362781
2684698676
3914282286
1452535241
1488599819
3484096464
1967308500
3088554067
3497674178
2837646764
2119829587
2765978271
1991340688
2530716801
139332940
734621517
2106120040
821696677
3949937910
1382485942
4224748688
497428413
3234400849
3968161715
3726953154
914918052
1576444223
4243862632
206382366
3291832032
1996041973
275921867
1568475760
655954673
2330606393
1937953768
4079668462
1628679431
365550921
3489058721
52828155
4123032053
4042247010
949824297
1911934541
2150506521
2048668260
494843622
2414171389
1360391821
1077764312
1584304582
1820908878
4020326065
4222170613
3507309368
3855194808
2169604173
3911740146
4192193198
2315091938
165233529
2657991495
1463086646
83018065
3878672564
3556523776
1085982639
2433510817
354585784
1145011751
2697372651
3836560922
1282099277
2891049980
2485300188
2727083650
4246220639
2491990788
2990517180
1361472306
2037757455
2898336750
3439469914
96104711
3361345917
207259073
2154673840
719536881
1384902017
3337171446
4089273866
1395189283
2579940352
2117909788
1377536526
2551721710
2766682526
140988092
1903276954
2991361815
3269464957
333601085
86145855
4125398016
887805383
3712349023
2726834492
980546197
275112607
3653553009
697601674
1415366171
2084112204
1770372769
1218179630
53418078
1200224730
4140229915
3377416595
955978265
1485823432
1889560113
926395044
502329776
2562703126
1532649503
4144858592
815343875
270960775
1485629070
1335381042
2361338739
1900222845
405246367
1000753253
3814797325
1146400994
3062057603
1665006598
4036181618
2016075016
3436284076
2733286934
2785546036
4281523897
3466098536
81410460
138459215
929491961
131772554
843388053
260788387
1946572491
472608717
4121901920
1297165227
3375805851
4138327540
1583656504
2707400159
2602396958
1793582819
1387947204
3522808688
2888780553
1357255076
179650136
2976038460
3107461287
3120977172
881620339
4264000202
2587050376
3225253637
760744021
1925264322
261685324
385985107
2591693258
160999774
557856741
1973152409
1248294763
1717862425
729138123
1158207763
276496757
875821844
1213867440
2444938162
1397194480
52169321
2946576232
3614387733
1575864721
2835205435
2672037152
2237346446
1565116654
3260539844
401819693
1349253825
4151278111
223276694
1842453437
2789212104
569977706
449855693
4060948138
2458684697
2855007993
3133828879
3074360801
1830738899
1967128889
3424420660
2458640197
2864774138
1724127937
2236714551
4233477102
1512542860
1160483836
3252436637
2375781897
1704130377
553862166
2312179336
286517574
2044223544
2855606118
2748845023
657233071
3136742824
4046851386
3058026022
2693857699
676700399
3772102737
1658174557
2793778546
3794034981
3531345525
2311006795
1713147884
1833738219
2735962138
490713320
265945680
2271687468
2553993042
166282159
2129351684
326355535
3824994732
351966751
470412169
3592725359
961693577
936716715
1765986394
3387819644
1350462412
624945666
797830349
726607523
2633629017
4131573622
1399152384
4064963575
1317910176
710635287
969426741
426764970
2933402279
1691303339
2590396
289338290
546486129
234917447
657711229
829935674
3787195093
1897219530
5922841
2408304042
3860404332
1613977345
2697709751
779818972
3601359243
326938029
444846318
3919579098
1041379064
319846343
2969540347
2365262074
1631503552
1315915496
1285161409
2061328603
95456435
3669949218
4248824174
390260824
2463858467
1674546671
493936589
3556692548
844020697
4135768
3010697308
2526570375
1851427210
1713292684
1768649787
3392269158
1052465645
2471200985
1486590511
3213175284
2194250883
2258078778
4170253280
1902900535
1029486130
424927891
2556299340
1717158567
3072637130
3299339425
3135526566
4194697341
504481406
1338244693
4132348953
2232669175
1591306796
3394858229
3792634886
2954838974
2602402470
1326661371
228476373
3361857228
2441259008
4170094025
244356469
4257550665
1641551903
2763827042
2735548685
1492341109
2793945717
2714641424
754392918
2624627985
1703567329
4077372623
3505520665
813871518
1488254885
895815619
3291853125
1442860444
1449627870
4168029864
2940011986
1372966108
1870203886
3722205217
698874157
2890617964
1721819052
403038204
2314253590
2643754213
2558518551
1898099970
481158764
610976540
4104498557
2198542561
2940052245
3382886464
4167621720
3868135605
846411731
2288212805
1440278687
711342178
3530254700
2473626316
1758820537
3517340565
2355637357
887887249
109213138
2305389053
1999757808
3966976532
3478150111
218934771
3591206143
3538747788
4091322217
68460468
1399966381
3103161238
821422967
445337806
1189594760
2116208885
1737436702
2410424171
2239135631
2358901468
2064996948
2545402647
937830279
4269521227
2161671429
2274305634
911453295
2937174786
375557203
335622317
3566945149
501591799
1339570222
4013933419
667327008
50121444
81806006
4139926369
2353744265
1376176265
2306717392
11340552
3032756143
1674443167
430319740
292049767
586952941
2197202272
979157389
2919981017
617095057
1099805339
2737571717
25054725
2032378435
3757715442
2077265162
2047077548
1741922958
3197240049
770201328
1290718718
1028474649
794990966
4027114269
34664611
2422308881
1374686471
57412931
1377602852
1696461555
2737420347
876226511
3053183935
280200344
213731502
1447081564
3683809863
2390600512
1605221363
1831592916
2912620188
1084205414
2069301432
1509981056
4203610700
3430358477
3707164318
772818956
308646455
2858565255
2213481560
2686648014
219876908
36372122
3660925325
1754906297
3332116071
1168178701
1957612006
4253984416
1607807190
1628290524
79330923
1010783262
305270775
2296289558
3456713622
760739140
3246549747
1593674942
3834510902
1818655214
115978004
2381281087
3272845887
87624238
1869249075
4210606144
1685593344
3385902588
745899751
129060029
3995153934
78386933
1999619019
1607923690
2954307655
667795653
2179292348
3645748099
3080609468
1954882601
2418835281
37855292
798486248
370402851
1275963805
2945681226
4201958353
1475503800
1737556691
1030384108
1769249565
2298715456
2616873298
19608935
1737838464
904239357
883944180
3346948852
645999672
1787958828
2066558327
3199159474
3495908765
1912876122
840509999
2497559349
2253241435
2875551540
3663473678
2065444003
646652425
4210811897
801849280
535954732
3337072449
2585488952
2547333069
485184572
4272175591
1224467525
4075604872
1374036416
1683885021
2116415874
1809665518
2013812911
3449249724
1105492028
2026237954
3817722106
2302712332
1205318042
3436376410
4200938846
3719093556
2392104705
67757289
4248232259
3524326733
3272752367
3246776363
2751024855
3803977278
2161915770
1258452741
65516575
2874388691
1655718878
2326622649
2917429331
999045800
1268761064
3931365868
3459633438
2511243218
378937395
3393891497
1650316661
764992738
2697907955
1906449239
2390817564
679742383
3784899068
25024401
2537784365
2323766414
25567774
661158975
464470877
2084370424
717352698
2941020095
3604188081
3192541710
1254923351
3891330374
3742197978
1462588106
33702380
2706560944
3166714318
843774570
3299774637
3719761639
540305639
881191621
3371428274
1624137490
1163238582
3177892980
156770066
627094268
1159810906
2342102887
365629741
1504664921
1303429430
844109559
572642329
4136393309
1675051676
1711005325
2905539141
4252112447
3200776853
622288598
3122423935
2464344815
1528393088
3204399595
2997576459
2184427891
3211376239
3641040172
538275538
3260155311
1433819669
1453647244
84420072
2022511763
2013802174
2265641850
1325702910
2644473360
984436630
1914995633
1463681021
563042006
339006520
904978309
4201809349
3470667975
183887631
306709002
2381520141
2174805183
155721399
945460184
3948112222
710681791
1196838156
3428447637
1705408509
129105402
1727996715
1406247257
2957526946
2759440996
2685365395
587189826
668767368
188786259
2943808470
3391905894
2717317790
546794703
2977944793
299289361
233424886
1865195259
4230623399
2720516753
2958936668
3173784259
1565131510
2149043576
393887822
2141614887
1413283832
1465944099
4212081989
1238531806
190089466
3546341151
3779860382
2266279182
3236744046
2033197125
3596782103
3755595619
3031787377
3703166259
2394772262
2370931358
118712861
1110448944
3916106541
3373699560
2068867566
646301244
4219477995
2381651757
1289901893
1562937621
4233328822
1856764370
3224265273
3030222553
3179368017
2714118821
1987464432
1292498661
2500892348
1253589668
3721390790
1051579275
110550602
1451584744
1921740420
114788368
1744908553
215358875
3065806665
474701495
1292936976
2457913232
1067575194
3463084010
3011970486
1879287394
4121679395
2580866807
1210080868
2099609224
221665054
2801308205
1859757633
3453158571
3123419098
88532056
371463858
2234919832
3746174200
2872480939
2475453657
2686373538
3250620249
4290682272
1643020824
1512565798
1105339730
1029847622
3421824776
3299603560
289243794
1755973925
3805724891
3114689959
3045255370
1407946163
1897847666
1253095969
378421394
2600217880
1703045997
877567638
2080128609
821319354
4156023142
3419304646
255261149
1492622122
2425734098
738865015
1009990702
3086280869
3359625577
1543378459
1459766517
2402879378
2686562494
2174018605
3535596043
1303495739
2086527062
2552483688
1107802784
3634337908
1003964401
3330551086
90990995
755217636
1495017905
663853362
2346884985
1519900689
1409125951
3859755800
1314301905
3905473409
1644811393
3627838948
1875397690
4028074223
1799676048
1871945497
2486386863
1530430101
3164474948
2999542883
2853398529
728486118
1373354644
4001047599
4006084803
1807752208
2898593408
2063669783
3954305498
263016031
1955248818
1456656253
48061086
3434425817
3967103355
3031167847
1722710196
3245281977
3089695798
2925264458
4146740395
3013389049
3807222984
3490395304
2735579602
2613737670
1283167530
2138000839
1439592332
1615147084
3964564276
4274433055
3452768085
2003816840
3528796009
4170232161
171279541
3954542763
546317024
156985249
1026893517
3489795966
2340592544
3587630327
101707517
3098921567
1320165742
2893733511
1814913934
2039943022
3469097608
1867459116
1771256508
1877610600
4273976833
402534385
1992902288
3706998582
902783909
2734955224
3869024813
1129507897
753995918
261197385
1758771839
3402276590
1006414587
2801493711
2506831504
832088449
2318606039
325066848
1950882132
1248140331
623073320
547089637
2619550754
73086910
3331543543
2099620611
623397470
2361650745
2452201580
3919412417
3558508997
3855710940
3526021156
2679141773
3171223635
3177835696
2193125083
388450963
57146130
1869671107
341921235
2858980940
3518577812
1366680706
2390863473
1710299154
692580309
2245235679
3047691095
2514239430
3518029245
3680117871
1714211122
3866028479
933138691
369276427
799841881
34178848
3232144680
33950819
2533190505
3714487002
61440432
2155137930
400136659
2524976699
1325434702
2454386422
1691246152
416496402
1810131820
3290407405
2064640915
3063048060
4182494550
3533728182
3898543751
751478251
4026257846
2511342499
673416630
1093228998
1910255788
825926126
1901374056
184046855
1640032698
3844832272
3425501814
1739820336
2047384351
1584255316
282288874
972098298
533776214
1432635573
704246262
4195864367
1114173801
3553909382
2120648103
4169434090
2013243028
3236248324
1442887341
2555857047
1377528905
1645874957
3557189744
2784620606
4137053225
2857980070
2009218100
347466411
1338808631
4120476805
2443192731
2955841193
469356278
3718840834
3944226445
2023789704
3625335040
638362252
2641232279
3790452261
2833442489
2954692166
4018934982
3506991189
1783811609
907137409
2768232054
926024484
3023633692
1820210344
440817687
1819561811
4017704177
2842512704
497767039
2317979832
3516872513
1379581743
2689338516
1599392186
2682734012
668880862
2051343706
3238492777
3938744435
336338937
655966258
924758500
734448456
457266067
2066408791
944699740
2903388767
3445198280
947687160
1064148103
1123507547
752493916
2209661206
2938477248
41193778
3055384266
806120272
4191773832
1286699448
1574476181
1114380762
3934090642
2725501182
1923206649
1257132166
3557912921
2113214935
183102402
946074772
4104112188
2179614084
3210579882
1810902597
1853313898
2271943539
491581069
2625813569
2418470976
1500185637
613706569
2925232084
38362291
3836164162
2372697944
2748449462
3448839715
391856255
1555736583
2807233841
3288696648
1568872824
2917374302
3954958014
3573209591
2199743846
2419627464
1683453739
2366670802
1004901284
2966751799
808680149
1496862693
2239231107
3881113118
1335181683
221341013
3066586127
3891550150
4078865926
3419559195
3406172896
768420752
90913401
2203523405
1956531274
1564222452
270616151
8093859
2846470395
1765131010
4264788923
1800132674
1605061824
617282556
1615265809
3123579760
2584273490
2199581932
1394346304
3160244115
1794801752
1464148826
3872922625
1177646623
1691008889
3137649036
4147356466
407385225
3595734172
4279560160
1313268031
2453928112
693389808
1949253293
2009493056
1088925221
2078033055
3650618167
1155950500
1069849269
2737933380
901758709
2592965666
2658646738
3830168906
943295943
1332823980
2856398189
497559143
513561060
4267634944
2298557751
1723339682
1435986999
3420301565
3864279637
1173848
215492653
4125753984
2051314568
3850181381
2077271714
1203086143
3093790292
2408778883
1824150245
1775170534
204606852
3231061268
177606986
3332074764
3565103639
381198168
51277678
2747796413
2072112176
3448526919
2115950431
896087773
2929462646
3869370346
1160205819
1586642234
213123813
2620840566
404932366
4068888652
3021827310
2001558676
410264749
1257957273
3503504819
3048151604
2314112111
2743921853
2298069839
1085193486
1717744789
2720745544
4001603111
4256389921
2414685023
273222093
3017332357
3778595943
278620723
4080119532
3578040952
1453831725
1055196888
1580634503
2088468952
1392161350
1287974686
217244401
3507523371
3356505675
2116402191
1791346927
1283004086
3650297128
711307977
3899369055
3632754168
2900826252
2531975625
2248029894
1454034862
2946747749
2700576096
56830525
1976307112
1051727922
954726740
687872404
735518514
2474190478
2985280497
1854850491
1049300804
1372472256
2996564547
1544218030
3844976139
3687484858
382712
2480699609
4248033127
3216247728
739855565
1720743494
1990265976
2755008607
3437023754
2260842880
1783950875
1176372507
84040853
1482864149
2103945087
4032896885
2838057155
3838922865
144063328
2593271053
558930752
1512265457
600937063
2356708167
3128844251
3928384234
2221771187
99384889
1279057821
3806835788
2410146672
1298169875
2650540401
625838497
3805925147
46024274
657470433
193718883
1318641084
4187021600
800797726
3497671718
3678119241
1728125910
3825045976
779263486
1646256466
732664770
3623746916
1740014270
1772246129
1168713474
3104709919
2811962466
351834424
1709511596
3951767746
4143385113
3266619366
2047515013
3709899864
668047625
1387871954
1643085984
3898041823
3946604365
2226277063
1103024399
411676438
1792136575
3788138256
3708537836
2971289941
3812932270
191053781
3227994879
1427249419
3039024963
4040451449
2987746781
926648220
2091469315
709049146
2950838844
3929651639
1944216752
1049951625
2617523434
3064008962
194589486
1708797938
3050123531
422350560
3302570913
2778604489
3744924635
1314844282
3158061019
3052967910
3221739074
3736304323
1073025434
2884221010
1439769452
3300929511
821918902
2210228238
3907944520
1166285892
3157367890
1790785670
3894920860
1759176547
1383670662
2921046355
105956148
4158464334
600341339
741525380
2948815305
3816288745
765527204
767162518
1941707843
2936801598
2773161461
294930870
3892567413
2788062442
3108348187
1391378433
2045975168
3620838105
1058353450
2247460228
2677991217
451248436
4023102567
4247388945
922270203
689584361
2900677488
1574224313
3495676367
1367717419
9733357
653444692
408550134
3590777548
2144945709
1763310650
588452227
909539817
3831044441
3618635342
4157470377
3544103652
3698501383
2871635201
1377958463
2195347819
1119293217
1598893002
3349123154
2201104745
1545771872
3635389519
468059585
1579014027
1167156183
3091561575
3109983722
3884188524
3582503360
174648082
910376535
2135367756
1700476392
1101841067
4066494188
2969641426
3339842890
635783935
633977018
4258237624
3035068583
849923440
988641527
2071129152
1696332962
286824853
3092256545
3750060992
443147920
122655758
1207873807
609655818
3410305843
2153979967
2521081241
379318205
4240253030
517710898
3293570332
400317350
1750404581
4231763996
3078791451
3880836441
2925824148
813694189
3996466602
3756657765
1864161294
33797953
2007036502
376257797
3354641394
3308103318
2009568624
459976270
2634944672
1532978183
115144845
808138153
584810217
1552936954
457595709
3393376691
4070880266
2245278565
896085501
590035914
1822169789
2774452332
3138035030
1085262484
3669532919
3126975474
3640595418
1990522153
3868506984
1502875679
2209485471
926560812
2572418573
2039213069
1350005645
2649687478
1168807776
2881241915
3414727303
3474208532
2330118369
2444261991
2970884537
2451254461
2749407678
3686827135
26284608
4025085074
460632014
4274424086
496671854
4272892338
116640531
3580165099
612720275
1675705209
4075919216
3468458726
1063196481
431509212
3700815180
1917547453
2989985232
1192897051
1064918487
4093441066
3255807359
4261630944
2501139045
3036562787
2791023809
2671917704
3047161025
3916676961
771559084
3780756184
911146452
1221916021
459262058
1919494140
972559521
2060503958
3360957968
1357104139
2630115650
579512606
949085784
2423237468
1612810914
3560610138
3407818855
1967466666
1896078380
3426867624
2085302867
3854865302
1984049458
3446813861
2614074470
69732170
3295031994
2342085701
987562889
2323926435
712784503
3764059873
350975200
1832972840
3548327392
2294440331
890583731
422058611
1893351617
3790679642
3808067539
2893683963
1270525997
1834313706
4093815166
2971948096
127439763
798762624
2807904456
2184962018
1793506571
1173516826
3331287557
3443308232
1269068466
1057338495
4031593475
4276600492
400091216
1930452414
3808393976
1365258749
317924122
3021935194
3560547809
4137101297
3145871116
3401224245
3951937313
3532725889
952411336
3825090961
3735815408
1131962543
3836281615
1023456035
1474526687
2784033388
3805347305
2577839675
2300369180
1233516856
867715574
1633340071
192717029
946763682
2190232254
3006492205
713934378
2137764062
3929167846
72070164
3010955322
4148272396
4114574764
2937183508
4207995955
2356974615
1524180493
2460574164
3102174004
3248208506
3456101691
1036375994
810787050
2092132632
2181519831
236547815
4130695760
1735142872
1711262617
1170381010
2748190587
1310682223
2273774851
2790298996
2519733217
94240832
3193502335
4233752426
2353654862
1285153435
4203495240
1372423566
280582791
4274776320
198185830
2444831850
817141933
848475635
2602553843
3076311083
919338781
1049827156
2023557597
41406913
2153899608
3167318624
2134152204
4193958350
889174842
362068781
356783241
2055228956
1761043686
4198470092
2175726643
3201716900
1120552125
2754600580
2753082668
1076490374
1754188375
2393870977
2250079392
4224157111
3993191225
440609727
229506709
306717893
2401211437
1205726463
2240748796
1433600694
1018880718
4207918658
2170113883
336851447
4141231544
341123270
1185083630
2580683542
2721975504
2068307972
2727705097
2283504661
1891438843
2780308741
4234311074
3776700538
1319336558
1675335648
3100198448
103127905
3132800677
4179459005
1830993281
3749375223
2241733139
1088121586
2907867859
2214375421
608431081
900681117
1621572150
991468763
2347316594
474060814
3653250491
2503316677
862799469
3521895652
3829096788
385998994
254137916
2864029115
1947827259
2448341014
3450650698
118615883
943020787
2170222273
2005648125
3569942090
589691978
1572141662
1955457510
896928797
1880849493
3269214140
1664214675
3453982533
3478783428
2081141680
4190015988
3242714542
2486218932
1950741930
531404839
2066373111
216568092
1604576984
1169553775
940859978
1884408353
1233537999
2580524361
806528771
248161167
1504236745
4256756725
4111392096
339945057
1154786725
1962561169
1535794894
2910387538
4120114463
3005434465
59942148
4175382661
735127695
3431101788
2534907546
2050599555
2401981352
2542111144
3865313382
120080190
851078883
466352906
4111887114
1355087753
73125094
256399947
1723971904
86861443
2500044491
3574857608
3634842982
2802598026
2920522623
1906085434
3810666000
3228832739
87451271
2418154667
3296230051
1511809608
3417537707
2491614796
3832923994
4169736066
2717052205
2713096333
3078387198
3657668263
3842574132
1130313846
1082338843
2686333429
2978678072
3639230544
4176966070
506256339
977992730
2980189702
3882118312
1624630535
786704074
1083662631
2383703250
2528630779
2409822207
1269467681
3269347013
2275479614
3638789935
58332804
2350544270
985457646
940229694
357493801
797728451
2622801128
2036962452
629837526
2982182923
4174380098
3380846791
228376086
3442456600
670480653
2891795693
4236932309
1328041991
3150327382
3246454771
1351635734
116869519
3602709485
2875327070
3250433382
3529300135
3028852090
1927118054
1138817011
1519309285
2844982096
3067712563
2102761695
909750148
4154205702
3162283318
999681173
2738418658
2832039810
2727686266
2641208487
2093756199
2609183312
1977265452
2613391354
308455360
3972923212
454716262
2734181316
4080872472
3488101642
2121740715
2855399821
1459921374
2964658153
319233731
1788160150
434547985
3711483679
4265551908
2953758986
568369035
1550044011
149516474
566006197
2385594261
604976879
3038695871
627300310
3162173198
2953840544
1925335706
3077578235
2634311202
2391551477
1322291612
1483332749
1731632961
3773862683
2755814543
3565468166
844616261
1877230952
514752103
2746157630
294753717
1636047510
4206350858
492781150
998363159
2534416466
1291866530
2739977519
1193197717
3695143724
3518283021
3823805542
2294468805
247547384
3909780662
3310108147
527855576
976593766
2088111319
363788239
230521776
2261052333
3845871878
4094157261
2216525916
96190893
1403024859
3009043783
251890178
1206646108
1198293396
782924771
2454774973
2970772481
269865010
2422754340
4098283608
2944470745
2723994895
2760862175
1338216638
2492784982
4099936147
836130727
2059931605
2061815671
3500595043
768411565
3478496272
2768732786
2854033663
3230439588
1675006553
1688638090
2070213707
1409606379
944977524
2951622647
2831314264
670853860
3689571963
3786029465
321857491
947197097
2950403393
1551796338
1448530207
1955112328
175519253
1697592650
154319551
3505357318
1670470723
3078114524
1821080043
2434583464
3208781089
3998597110
184900024
2800664040
3125897620
1649129860
1078726166
3745330401
3575500959
3736681221
3522252262
2415777703
4179445769
42378323
3470294522
1464248516
4217326911
1403954791
3976895935
1857646162
2477663387
3635074278
241295647
3651131027
1413179233
2961274681
390291450
3657419881
2717948544
1618335221
3930542744
2265288836
551845264
3604827292
2414053763
3291937610
637852695
4280365798
1477271000
2533010094
196923361
2278480968
2032719271
2164926887
1116466991
891713411
1755881839
1373662169
1583065932
4133971379
1461635144
588013002
2987059528
2507452406
2779267844
207730181
3457194245
1554825899
686765323
1903357544
1170352902
2215103253
783091585
2178035294
3539091889
1473891173
3917106902
2550992969
3611200354
3358604144
384947470
1125651761
954518519
3669746455
3024487672
3670511359
3683972794
4198511540
4189980063
3864623484
28438620
3928313748
638255301
1358152274
2897448339
4233650821
81113482
2104264995
1305825623
2166497917
3407168994
3735269562
105450947
1844659384
74358418
595633463
1508129632
1425764214
2715435071
1754872941
2834711435
834311514
858163422
3748652020
1702031472
1660977503
1255069428
1291423581
270219750
272033721
1242875143
1464675476
2254155901
610228966
3169882317
1020982308
3489752363
3699647888
1555229670
2894044438
2541080560
3752077750
55062836
684346470
1060696174
4081127547
1722717793
2808739559
4145294520
918209196
241498843
722332748
3893092185
152439060
3589816381
3807282820
11796949
547949967
193009151
287184461
1681109983
857515893
1499756603
2111559484
1039955447
3594846325
3025362662
3084290485
2092651456
1242483816
2189020252
1377699119
4018663045
4274702218
2480672938
2380136578
916845241
3703359000
1062222848
4203260464
2299249749
1309838016
639671709
340023725
1656471374
1065696441
2180824640
3279756886
4231566277
1316673584
1611038015
1757884207
1711335976
3216032247
4016130261
90955298
1770611710
222004052
4236291960
2601352724
2230112950
2173545104
68277206
1862485080
4050797421
1449494849
3353714799
2597323681
1570446477
296972160
4032664802
1525252859
3013906683
2490573936
262768273
685331830
125794582
359902695
53884062
2948366396
785126628
3459813380
421586056
427958692
1038245384
523841905
2240223243
2924914446
2613862075
407512617
1833506251
1350116106
2466650035
1278640614
1217967305
1178758300
626519199
3211511142
624410709
3988218265
3862224474
1003947783
4252021944
3987153074
1516254917
2715092273
3138337367
3883278006
320064038
3980526077
3041269883
1272890446
379185432
279794278
288714705
3784647147
1183358169
3633232711
1142879976
1323405519
3906375137
3804470817
765332331
2183017637
3307697049
266243847
937840966
3482170104
1551129945
2363008175
317838192
4003732693
3646867727
97360329
3400814586
853829667
2807670767
2010078192
4132001334
2144560777
258362867
2686841816
171877023
3383710780
4089286687
1544867732
392579687
4084298294
781549280
2429518857
1132182863
3968114078
3749577126
899431510
324340603
573324460
3847028061
1097591887
313277358
2276827390
2814402866
2599956419
2417554734
3879588704
2783536602
2196402191
431403678
172701085
3804098974
4201725511
2272691583
1135690326
1209793178
1017166887
2660927895
3458672536
1455845530
2065051875
2021375993
192029267
914531031
2239953601
3763312222
1577820734
4292606331
2686682683
4002440656
470316828
2512535297
2711270748
1108026312
4192120488
2449319204
1520700171
3000514216
3404627403
1357121554
1816336658
2339367081
703076997
2760917414
3887020801
1099920359
3053933723
3708529415
673692100
3494415761
207616714
4287449054
1684997052
2703674533
2208648088
2097855619
3574266131
542114362
2637365850
704519620
204623140
1208828266
248839971
1339761757
3019134399
64376742
2143873155
2846883360
1223811112
380955177
32523076
1581536013
3179086195
1759229983
2441821577
2979949712
588939338
264915394
2950788907
1887169520
4207906517
2642114857
1904866777
1513205268
2920707372
2745171024
829320871
3179677034
3545170797
244678861
4282894963
3197218546
996196070
901555835
3920786029
414695949
2970284056
1259347111
2562468009
1666964105
2001138280
2398011767
1679958380
939117118
3767737070
1088348798
1587714988
2580946078
700812077
1301416718
927246356
1314757571
222503485
1607018906
625625864
3604787593
303509946
3048623633
1007771927
3161350602
224365995
1728803393
127066267
354728835
3051039193
1645844582
864469413
2130916947
2563102925
2606669205
1375969343
3437032329
423153469
2974424561
2732954198
761410238
3939827800
2691081583
3669684639
1789545500
3191456702
497997748
2492784937
3050002920
22432810
4199423693
2100402878
1855037855
1815719373
1111848027
3013720249
158201896
2643973525
2145852634
4017294336
3319427735
869940736
97435025
3005873714
1660727813
4228954257
770875021
1623844882
1556993763
23390610
1903494609
307948788
328045571
178674365
2839452050
3790320640
2819810315
87529719
1318809714
847413730
3148040576
1006320818
537572515
455206697
328120834
4120706829
196090430
1468382015
3177039913
1928433863
1205747668
3291960819
678705267
322994751
4275507782
3177996023
3400055914
1599765862
2388851089
2495713556
1193682818
1831696306
1943399291
2316359995
1940297082
2293056333
4104632136
1268708467
3237780064
1221528110
3586572300
2710933510
2189453773
2760798404
2636283883
2909488181
4078208179
1416743552
3302702725
1381880875
1507509700
2947192287
527515098
895034257
2553262719
2653826497
1894894580
4057352148
2626839766
3646971853
2333729938
2761764043
3375598659
1586919685
1819238368
2764043333
2468793448
364459646
2784116829
3860173666
4047954348
3980775147
4168523742
3058067381
2325873085
3677397500
1136131427
2480255792
1753841476
1842963749
212941532
2904206996
713499823
3195729126
2037547665
3080612107
3708148241
3207025238
1882269287
3270577058
1896254430
1326783016
434724895
1236599254
1876015526
1795616687
2742534432
961869390
2400729410
2018061304
2590013618
139548474
191980910
126102132
3492096549
319505493
4158084697
2790750764
2584178976
2970944462
4117511093
2803856983
1628654403
3644808264
3090149811
2398701799
2638348283
1651011173
3990353707
2203393434
2298197980
2904338705
2787671654
3823684764
3596759656
3498745813
2026793197
1064601007
1211816381
2253983540
1448267372
3068069841
895290641
765530817
1711074458
129226448
2406850005
1229684702
1282833897
2537295721
1897021191
2275728910
1070471676
2013024032
3462297111
497901323
3202104932
1186944205
3982558726
2841755154
1448461331
4251605734
2475820344
24101767
2540585500
1201619130
4131154398
3881094834
820513003
3978403209
105787211
4113803048
959498259
4095607651
2993165087
1941567861
2752725771
857635977
1526433529
1928365997
1826719341
3141617457
2200336063
4010909274
1363683915
129748087
2621633875
4069830645
1061954354
1598714853
3112933288
3358468380
1826697059
2609120561
1914566857
3849000983
1180498864
3612877478
2888711175
164495914
3723597542
50859080
3557648196
1035086396
3701972271
2145130117
973230805
1550763590
3438500808
3097978219
1026133087
781572861
4151350651
1486705959
3011396415
20315319
277065968
1395095577
4150526131
1467515879
942382926
3080059059
3162104551
1161035764
1413421433
714169206
382063957
2403581298
3963762089
1966858540
110366353
3458127741
1083286803
3277640619
721387365
4235570191
2558535449
3618853592
503924891
2470524020
797823823
3233839028
3063780233
3506948768
130410953
2256469891
3314625083
4226754612
876889347
3916407062
2002310437
391766477
935269022
3517231510
3268668313
1650024882
816304110
396075229
1768947481
1887736141
2556928843
1173191784
4056875288
1492183044
259873998
244047079
1752247226
3631083806
3548542407
2327988825
1858589335
2696487712
777678818
1734896678
4069582714
364206914
1120088056
3869995044
283953753
3805027289
1464133712
2448408073
3294114474
3967596455
3616848246
1557603642
574962569
2245605999
3548764466
973581135
1587694510
578817221
1580085522
1592314689
2726202469
1584079964
3173532811
2266214842
2996011235
2834419427
1475379531
2227923001
4132510555
1735755256
1627043404
2988728667
1450762759
2276300908
3135244915
2240426680
2511203643
3255749597
615765227
621656617
896193360
1389515593
2332980336
2165292939
2710978042
4272984836
2538885907
2061863156
2896584334
1497679960
2096349647
430102167
2512655117
4057458241
1614954553
552820031
3365128712
3906580318
2866299176
2984608149
1013390512
4162964023
3447345957
4140546821
3430734774
991783941
1033190604
1572219071
762514887
5488190
375154425
1009347960
2728786878
1040148203
2485722052
1726608050
1054479883
1113211642
4178881560
3835077166
2446267650
1923690337
1130316369
460136336
333927852
812245494
2625626110
3534654353
2055395011
3680681664
3126045277
3190858194
200936238
3207785738
346594591
2678294668
3414549315
2092259545
2504496925
3594976766
2015982518
2987369380
4155246849
3323040366
2677009539
3590025986
162425583
3038657944
917609069
1617648829
1251295598
1867809536
2040291285
1270389815
3688967997
832499819
931600312
3198505672
2039089598
1420510549
2164370462
4261753168
3050825222
2742835933
2781327382
3099166883
3369553067
2880564266
1956220182
4282703302
1112172880
129804266
661896966
3068128829
3139494067
114027012
718895550
142356814
3614439982
872053004
2752578645
229379205
188065181
2550302963
3197189365
3681563830
2994440698
510867948
1513341631
4178189091
2367182044
3301809976
70361820
1834741835
3741820582
729132684
516805352
458637952
1900369687
2516669035
2522944605
3148218251
2008936873
3999149263
3254863722
1892265126
779395600
297141176
1003290234
3352379473
56674251
3189178307
2504973713
1088240378
4065156886
2755188925
2766879090
3831468569
3342076977
1998578462
3808445751
535607485
1750808094
2184811262
3242739710
1336872837
1021295098
179360662
1943870386
382886999
1268256189
3233454997
71882958
2359581709
873511626
2694028808
3874200577
3674354609
3018764618
3229127137
3743785804
246229284
1664672381
4019021733
749340631
3744078739
3418367765
1828578061
252481425
460980691
3569634031
1063642823
169448918
1431988558
644705780
80267684
247854659
822557145
1729042616
3400409765
3459902291
1573679172
3084585678
1207507139
454986887
3432290148
466866567
3350261393
3140542170
4257824106
2919283067
2890457285
3035707328
379019159
764494170
3021274821
3220704152
991120479
3294116531
2200111356
3480185281
1023757126
2501381595
3960906592
1748555302
3555261307
3036199637
654711804
3944716086
2615049114
3110170907
2794769671
1686322355
2969289821
2715505380
4160701488
387910100
1738586765
3696687530
3495801509
2932711913
2454846275
61498518
2842793229
2174777359
223811022
1533059816
2417682613
3738564970
3418914860
1828797730
614418259
301676720
4267608220
1512482211
639520890
2702079706
1594706185
2791077537
1245682793
3713892344
505459224
2757528328
1501482798
3984052370
2522388238
3991185552
2496793830
3423216733
2556291490
2558375186
2092881565
1480396717
2685697219
3662533513
1325700124
781328711
1445267869
3787746820
690709867
2709794810
733759567
615478517
934111537
3883572665
3749466596
2422310905
3870486659
841571307
408389535
2263338330
1622187387
2026614695
2760040922
3242216745
3654324366
1811588084
1061576935
55590604
1256056089
2108110314
2971704033
1032435843
4061613006
3571104217
473350623
613152743
850371712
3392507521
1702439718
709282786
425215765
1607129021
2756883773
2746635017
1434159297
153192437
2154118434
300370587
951299375
3001525480
4170823944
2908752273
3980427213
28484109
2468296565
1643367707
3921366526
3371190426
3858396959
3858749482
4197458843
3703980106
3341632041
290076841
1071630791
919364457
342774147
1337012170
1069225454
1090036811
3210259352
2901091604
2995567332
4004402719
4173064890
2301708572
1798725632
2230491662
2239141353
2695081073
82744724
4219762060
1683770554
3220854741
2596180915
284664449
1334873294
3125339839
2079383921
43124930
320043410
2889802335
15741931
1982207241
3837770355
3040085446
3570947455
8684242
804688283
3866209417
3643249034
2498657729
3496164434
3712904007
3637138285
2948651535
3120258865
2670368863
650748686
134663975
958652997
3161034076
2372367422
691535697
1512383956
974195453
1683103016
1026472026
2071170740
2500420296
3015957669
74560715
1562417211
2716577404
2625941671
4024311854
1640947850
2213865735
4035546653
1764541198
2964758676
302201428
4243485732
205265585
2409553846
2642867155
2360555987
2015263035
1353071971
1608287457
2601280411
2160730150
1430303910
2277222468
2438602744
3902891668
3875767743
2277407655
3925568643
990836510
1430387177
1099256653
1413968136
304947392
4020443770
4146118713
430983949
2496728164
3721504749
3007960653
3783810706
4203764075
3026233375
4017569366
1255267260
3117222288
2319750929
530405153
2015606423
1349648578
1705171962
1542845075
2603708801
650282379
3218031062
5399824
540530119
1874332206
3331316430
1373002131
3662474287
2912452859
285345690
2567626881
1896420885
478446458
4031946256
2287405823
475133072
4169882070
3847217358
2658979468
121992199
1178891996
656208507
610421839
2403652215
118342999
3779468486
3140305528
723677958
4036454297
3390714941
1208825950
3050186454
2641427465
4026090451
198515901
3829615213
1454613148
1583435468
1894089652
3114609041
1379674949
3778662225
224011086
3743865434
3504462346
186908961
122874094
1796735078
3851985721
2377060595
1866573210
1793084210
3219521343
2129725806
2381940867
2134700907
2340904439
3162560953
3595520286
2638160265
2702636240
3491299435
2654058974
2198949345
1299130250
2558788648
2174642009
3361295919
1606411592
2542629625
4202600804
3038992162
2337388963
61948376
577837478
433344230
2551385457
852556187
2898679529
4288333664
3056929561
1781287753
1945130218
2194243420
3865280952
4027005119
2466430114
2045224006
2027903788
2824147704
3137113576
2135499334
3451007848
1501747072
1646887270
2758761039
3615113981
788283574
3814986879
4122146296
606829722
1061449491
957512030
2939584637
3496276316
3531008209
3938831786
3606694833
468853268
1983036288
4182030940
2600343263
3162457399
405718623
4232820538
6844001
3400216745
3503017607
1350832723
337369117
371317992
2890216039
258833544
522255609
3123872495
939494921
5296222
1444671963
3020645402
201322286
4225245449
1589064456
2204612068
828927380
1902950682
1503281800
1341053115
976302468
2788023439
2085075482
2619452881
318441267
2233240494
3659538818
696976555
3186692551
962030172
2342690550
718913743
1843498846
2078142678
2371754188
3889726186
2920868886
3864882280
1383890761
569865497
300875255
1538187926
3996755911
1687723500
3748352509
2972400668
4261209348
2641748700
3364671453
3759859039
4267950786
2302112636
4061847951
2850012778
596178620
705851286
2191390926
110437029
257838887
2709281318
3873884470
2608700126
2473247257
2560627413
2680701621
3099870830
3240870965
228548323
3716896856
487307923
2170771111
2967261477
221028937
2659758111
2971549222
3010681202
814577975
3061965243
281340808
3388107041
370374630
4063304085
2369964228
3150723314
1918691441
2095859545
2221864893
3049394962
2703234014
2890231585
2096344438
1107005752
2483029988
4292064305
1036683444
225010003
454882821
996988941
3512726674
1147568271
2411654513
3106547587
1164882040
2069104435
4189435225
2956506262
4013078762
2044512677
3191235826
1297684569
1488593263
3264718271
2608798697
685295481
4255097516
3038951931
2200263910
2407246971
3497156439
291390312
1879059434
4158151135
3685298396
4116365704
3466854117
2788900874
2035121536
804896534
4246799817
4070887495
2420732655
860037179
2396370541
1119967734
1987474512
3616093956
3805816845
153640464
542473897
935661296
2206271079
1173203568
3717560576
1507210485
1244945722
4046860386
862722876
614537624
1634554024
4130104930
1616384881
148257586
2553968157
205176911
4171784611
2090353115
3182318320
3264425102
1860212669
2717591363
336968640
1293161991
981629892
2774340155
2550221029
1479349893
1804041655
3793962564
3801333298
3148032192
491387786
1201848010
1566679708
2514107404
3428363953
158853103
316268846
3331605290
984897052
2284286010
82785128
1742364593
3351580191
2969293992
3544441729
36961598
3909235027
491061028
2920892897
2576006393
1739696745
2274162846
2702349820
3564810481
115428728
1112193778
1553212206
1008998029
708414345
275369039
418216992
3048705378
1438604816
3627503158
1485875284
3843070514
2833888753
1253337990
3412152079
3143612159
3057818369
655204355
192675039
1679527576
1184916309
2840856588
3237360879
1940293329
1156513931
3305787673
3178686117
1502244676
3847386637
2283990714
925106448
3561762132
2388665116
3684167556
3713165877
3606200169
216739847
2348176838
62730831
2580412868
3215932488
945910435
3610239155
3970589284
1052749998
3976692624
2815238576
4167695663
4181232207
461256948
2681110373
3846230743
3530090045
4215911467
1989013818
1757415720
207623299
1954021808
1486770229
1202302241
565781298
2119338496
4019183730
21548256
883378898
231913257
719480222
128989057
2419002522
2495566299
1692914815
708027230
1672354308
1554594415
121608243
4193195133
1471187656
3557808928
2530270689
1207808264
3954359109
2266391660
806936938
1571446747
2303607670
3796806280
3605055254
154364990
3684684569
2218028268
4061694551
2146695080
57102704
1653743403
2019751040
1539065585
2397309029
898240221
290707250
3993900061
1147448564
1055833970
1910356164
3782438395
2025270032
204638317
4070046607
3462178357
2212186601
1302652186
1318398582
1809998635
4172854427
1614824128
787603244
292207287
528583640
4086749834
826278519
759996332
3981292815
745057399
2511814007
862291612
3099757214
885889964
1190130955
1876622843
3267274562
441807530
508041910
540452049
1981464889
1272562610
2363595872
1104902181
2969718232
3215333048
3735954518
8267206
2939235483
2482150264
630797787
185417355
460688188
589967784
201218761
2552867024
7928161
4065108777
308340302
1797282831
3756106459
1236123312
734585489
1770524230
3464976393
3527401353
2951156694
3335887920
4185457064
1067198091
17554672
2772762629
2611113605
3852652908
1267369558
3451967812
696528776
3103735483
977850126
2143670530
3607697500
2927543783
306066501
2365176256
1120172307
8823464
859768829
2283271285
3198649218
1783803280
776559888
3673685550
3431142594
199827356
311767407
1712375717
3913171019
3684699988
179982406
358351476
459633014
240609672
4120484884
1887537062
4042797291
1639115917
4126570991
468160779
1072962661
3727211545
1382884897
467337057
2531929310
740095947
3168763804
928430960
120124327
2787974949
1930611340
3146356067
1508191628
2691576109
2300138936
2365936032
3092196982
3165877559
3923291570
3607956678
1422213482
4084854802
3798231598
1936953299
1737014856
265096274
2395686469
2636689459
2269782685
3906213165
72365225
1597551750
1989740884
3192588017
1339352699
1715501395
3933591239
4039257584
535683529
2345799401
1667725823
2908901718
1021512817
861276635
4294290833
3812626208
1621343770
4132276474
1364909615
350416135
3722176267
936162228
2823178019
3517872435
1753474508
233294560
4108417192
2945010804
2058636471
2493065158
1073693167
2824758112
3176922509
1096470252
682907674
2281509451
3959110192
2131277130
1015427865
1736801478
1579242780
3088229183
3772729489
567497569
415713267
30663017
1946861875
1657657349
2924367511
9728688
2641944927
1759571282
2604696119
2155266469
2338964185
538984711
1546297410
3346224454
2316013044
149833003
1795744739
2699883843
3591491871
1899909754
2260605381
4023693383
3719860244
3917374675
1548912449
3664821312
2876835386
1478975964
1624247642
55394681
120781157
2772187586
3036879987
1645632458
89254707
819715914
3142194897
3612651944
1967754250
539596235
3448778828
752034290
1550983684
797211757
2057381191
1941864560
4075804863
4117839882
1872465133
2940375973
255938345
4183194164
3477826375
1132965180
1191635658
736672504
741918374
1026335377
1586752489
489338624
4269985964
1732773371
3096601570
1011754322
1192777148
56730820
4008792598
1781191084
1849495096
3682028763
1024992658
3042310534
2800282882
3719048530
2579082336
472510230
580198119
2334714310
1652392774
1082379985
1897352002
4000547923
3201602484
2252309554
2926849572
608133444
692692241
4083878110
270567134
1702868305
994191688
702933233
1816847224
4022784065
4251281895
2078034717
920658511
995593386
1878446751
2353856998
3806317308
380351430
646874987
2076105921
2064105999
751570676
3917116575
1870606397
3203471134
2394016190
4047839193
1808561929
3584360964
3215103644
60499958
1705705694
278822637
1559214638
1090217724
685614004
1469033054
451838979
1991253076
2360965386
1154326084
389407069
3703456691
4123474896
1444090748
2828282726
207868634
2149285175
1975431255
3056237575
1281047911
2073474563
2654025586
3879069218
918849130
423534224
2062691663
1953173706
698954936
802923586
3219872726
2188301677
467152911
1746233277
3438187668
1441250
255012182
2146558877
2045650572
647423405
1656684507
2139587074
4261089254
3837252781
2922799417
3832326893
3182204719
1639070588
4009737908
3101556341
1342275284
2057560727
4159313854
2001921885
2139109188
3723210019
2838214805
3063165916
956315066
305547543
1753444884
3077924474
1103738495
1358053407
2522811980
1077926911
2676546670
511006657
975468301
2032291597
4132272315
3012515962
2746237084
1446516426
2983495252
409375891
1139557358
3498103863
1947883128
1572777681
3594953733
4143133983
1788363286
2209535272
3563572585
3007398008
746622957
552268066
4039164184
1397487128
449281629
2238731560
3960060188
1282122477
360191553
1214874262
977060625
969200329
354188666
2035565804
2561138799
450760010
3526082563
2904919239
2959895648
4170504922
2091019914
2307679898
2952955774
409018379
3100931999
1976149934
3801504406
244859969
980638842
3656545029
3608617587
4045683964
3114224011
419584380
1530117499
2957284264
2938626991
3249353739
827808246
2747374153
1294257832
3841270513
2175277449
4191602194
2651638200
3651728268
3592674851
2026075544
1269925358
1921522211
155218281
3459562593
2691485461
1522776340
4101197047
999952719
3857350268
71150965
908387193
2803845972
3454975886
3367842265
2819853099
1256844997
985320185
443958246
2126785644
762184259
1428195218
1422292502
2576130112
1835420829
3612795702
3867591731
2979173575
2466194202
1062658096
3797418110
1070520808
3635958829
3230322983
4198672334
2551133953
1711279259
1848390070
1667459825
497391234
1111113330
4225333792
339488968
2066889529
161986910
3319541477
1631838702
4010858079
613976318
3607762463
751803865
935067218
41494808
1481610686
3919444626
4086964415
2488763162
1174025786
2894570467
3428082962
1187504578
3490438845
576980707
4098733417
295655985
3036957915
2146357297
3078647989
737059988
1339051525
1152674829
3018527485
1330529080
1873293080
1062859707
1858507833
3226712803
2022826525
367878147
1846956361
2081743652
1568734400
1371492598
681554286
1669677364
857613237
1213290231
2988625050
293196042
3817325107
1095119562
2094551074
671912552
1210539605
2578054906
3221319215
827197007
3972117100
2473481383
4247017455
551820169
2901985956
3234237632
2270347375
3275571667
1421623691
4073532761
4228544353
466825157
3839240286
4129351076
2362508507
3478124408
1286768386
4078738594
3107251095
1779347829
4207751085
1051154978
572902829
426830712
2790829373
3291465770
2827230679
1573930255
1749907237
1205714771
262584059
1345921741
3425981584
2107154441
4021600649
562839433
2561931008
566709753
497206162
3977129092
1265794998
406223262
2872338894
1209298123
2842479737
1100721687
3963450
1657948850
785489738
2762109478
3962708974
1667855220
449118763
1000957777
4278946748
1899907931
782969879
2070197081
2197475724
599969867
3163590666
846651570
214220879
1983091786
3582403420
3540107718
952819373
4267300428
686323724
1136994008
652879842
2496958355
923759038
489435891
2271044604
4071188297
2842862191
3478397833
1609964049
2367782716
1531602353
1826717947
3118448446
3884578340
2383107425
1585773075
2022157142
873766851
1867158589
4073387248
4185463052
772861384
2927939102
4161673623
4068651040
3631582829
2579981737
2999260076
995912022
3245109097
3879267730
4060221770
1951266379
2758227536
2509207842
804388788
3904181058
3238092397
1734914843
957486939
331637521
1654793067
1060725239
2323971292
4098443898
884242067
3980638071
2787677070
3811192597
4197825688
999964182
2394090784
4103719414
2768906109
341154442
3151438279
1667136322
3188684322
3878583410
4132748370
1620355602
3485317755
2787922566
417230937
49095591
16491821
3720661285
2080501968
3284147719
2814335673
2117156314
632463078
3149772077
283414235
404929159
2114940921
1234242502
1468459275
4128929334
2058834749
1094497874
2638883871
1156002393
3170685740
3209671106
1581912561
559211427
3126200200
747019222
1961044370
2753906828
2390444372
723227328
1957345405
296958222
24211843
1928134547
1640834771
3362049739
3131653323
962724347
1369586944
2687925222
4145609277
1530785188
2223097756
1563661164
2354109984
1693149667
2513988785
465149919
3528470445
3171417590
3384145680
2899558378
3655779923
2602918624
2689555131
2856466465
220480801
3062887525
3696103226
3998738580
363734146
3973851046
693703045
1247104138
1053045104
554968587
2915535194
4144937710
4217984710
3146238799
2724621981
841357548
692750543
3824913719
1389091114
3730947567
3192936419
108459789
1004022377
2860542528
3327042149
2334081416
2369150498
3035945083
1727532307
4195757283
1993258224
2517444488
3270552678
3300370554
3830181137
1410447321
2515432033
1162567316
1569867711
1052236006
2519717016
983870021
2577555841
1783021249
766235683
4215757267
2760628329
3435185241
1123863230
1329263149
3133582336
1781321329
2513628770
1181850153
3782495493
583016299
1049158765
437047512
1534052656
1037393127
3655825475
92398293
126422309
4051281718
1166144740
2270419209
706005453
1994600167
2646205297
1099234107
1263686996
3796701911
1236248358
1315716466
3436120374
2695890882
2985731786
1668264233
3817532477
3435791763
2428222895
1212704675
3006690404
1899112961
3025106168
833706808
3684936113
2118961006
3587256354
567364692
4126790395
1995393564
553077376
2171865187
151855993
2211583641
4079488404
2358341004
1108280124
3729933531
1946411940
1780573733
3047764987
1949541892
3117496599
2353521496
2727682759
2975795029
4024609912
466961931
427522390
4264802978
1963551030
1427315845
3098624522
14738505
3017330540
194989523
4081171937
2879374056
2628857316
3041317941
3108891793
1323909312
3527216964
2006644939
2896255358
537192030
363128425
2624662424
3108743780
3083556319
1775283308
3466965444
2495644599
2449277870
3518955944
1533629068
2769367379
4018725934
1226551152
560288655
3510255332
1199691526
479989861
2794365353
3678785455
2849167056
2717770015
1619405824
2312147664
332288418
3184526942
2730809784
354503751
1146293707
658105499
187165284
2039361468
570234444
1227862308
4014411427
4116783735
1772884293
631531613
2499297417
3693970550
2105428204
3013409684
3639334311
1765262549
3825618873
3579293769
3526969220
916914834
2111862725
3688189600
566391084
468390715
3140793764
956407732
2958756805
3535267263
4157311100
3773156700
683976487
1234339972
3606550805
1323692768
1031712231
2199125910
2529840148
2546640532
1250971149
2937252595
947559748
1232764812
2227137811
4039491202
2294996352
1786407798
1069977036
2670099919
1296348697
304392640
3453908377
281693713
1053246604
3206528421
3201491209
1334659339
1100652533
2547287666
2878195663
568290688
2425094536
2876828509
3612977914
2539713286
4182140557
3751299094
1619228026
761706967
3958743826
4035875953
3242910293
2077946776
3939546639
114082832
2264231008
2593397897
1322234638
837979649
2974645664
3952910837
1176521764
3315728993
3414394672
91222617
3806872515
1486551826
3996411277
2169887246
575161753
118515934
2594396194
2481045037
3390263385
2811165244
1655919093
3605715402
2032997839
818599178
1848328652
281117023
832717128
2966883875
1747214786
2762130878
2195005839
2103788659
1197701274
430492606
3328163217
4281456345
1845552561
2036929109
1829727995
3438950289
989300339
2827807663
1968086457
1492463578
4118056938
2468442797
4263176934
899694306
884184757
3233098534
2483919836
2599972435
2698774334
771158813
464358371
2719375456
1652130326
1165131393
4029104414
2362322391
2689281242
595921179
1405847481
4116244558
45191502
2167504024
3496095587
3214717101
1625659728
1427319648
992357995
1766277443
2301796112
1288177993
2161722790
554427001
2044909463
1884978144
3312551326
1389750950
4154935294
3801983713
2799469771
675363193
1423558510
3738161549
3618488889
2523635869
3984696767
1975003279
833104294
1645156432
3698934598
2081408793
4043958842
1881307569
2350021946
2411288810
2426722570
2235900195
3991892804
2494807530
3429960065
2595110629
1928890485
956028865
3257372660
1160369078
1889359913
345452373
872420359
1240114992
1856496384
2123558733
2345297299
1236783070
1737770557
2199381458
4165298538
2480996244
347872558
1893783547
1188784998
3684214387
4020568228
3179284427
3149435255
794694800
2700328691
2398528123
888890762
39324935
1372589875
3187608150
2683853589
187996354
1477111898
3458393626
796426504
3398992362
1794501676
164417195
2319180034
4108154748
3970445807
3046371692
765650395
2764036880
975217959
261849786
1128070232
2244210081
2573103800
3095790350
462710461
3513009825
4054744151
100189497
4029659932
2034993649
516179256
1211049874
1913179662
377518753
3503643223
2028714463
2298678170
155432274
2318204825
2004452999
2924000199
300036367
75672433
1495687692
1606054177
3364242807
307539319
2704748761
214553184
2497424737
2443826854
3008470489
1587415157
2988521314
2606984999
4199771081
3939064760
3212526366
2534779043
3442256878
241417562
3493755667
2972295253
1809628265
73661357
3741913982
2821760762
2217270990
1458138587
530167330
3358028927
491759656
1841562656
2957177721
659267260
1826893584
2971790332
3041030600
3994177699
3339662264
120725170
3135710395
4183005318
2852328375
1636714950
3077074144
2651756953
3459501942
2753515008
882977515
1854411578
3229329953
3055270568
430214786
1160264835
1997593886
1060132318
4024100023
549920981
1185722225
3888412953
1925786272
2198194246
1939223920
2985829301
2655720329
1155970664
3816970745
3815617320
998652725
874249986
3145738772
2533900886
2388371913
242522013
4267150894
3092501225
2524858108
45395354
1555772529
4278183294
1070970101
1108719152
2762406560
1848829767
2001768215
219065691
4153492114
518993542
3424480986
1043535660
1716883515
959899025
183460546
90144696
1185157974
3269695196
167758565
883445775
2992502224
4102133901
2682812568
2411053984
1179816920
1821884670
1405949399
641791674
586188462
3870067137
2661629753
1986571339
1839834484
1093339423
2922413863
1841592842
3347592880
1378470843
2933576352
3792206366
2704292426
2299966983
2128378225
2029733470
4068164258
2424257424
1949389571
4011433522
4117175013
3054455935
2639381911
1864396584
2150645731
1213738974
1532019303
723272660
1034631155
4176697157
1536861482
3174432580
370486436
3906999813
1169742386
2123326600
1143499556
3054351947
2957682432
3004875321
1266134020
1246876433
161504057
62188641
2881319409
591439098
447939944
3364823487
573162240
3002906099
3970183543
3495767775
2806746083
668048204
4254429575
3669552466
1440930451
622592746
3691550831
440016469
1253205374
2670255141
3553135020
1742858520
3552675823
4007239016
2225695305
713900830
3591166929
847864696
500074651
1611258401
922834216
473128844
4031661737
1129101155
1807404359
4110240803
3116232778
2903053746
1835534775
571269078
3493250069
3313619217
3242146725
235753549
929842445
111465099
390506128
3138607770
520926485
998670530
678156262
2303864069
3552953361
4046182322
1103806661
4189421806
812389288
1336345160
2777444600
1935569927
2866008273
615281174
2895548090
2148871997
1754111185
3186126333
1769576218
4290138455
3222468343
1959171470
613747277
2797913540
2740423534
3833790218
1281479410
4047377852
2050239038
310767928
4188125453
476302721
2454375573
2481033000
3971428527
1505769821
2511754486
3316362744
153572021
3159726287
3098704624
993723263
3512529971
2431978476
3904575258
1303132305
2620252395
632882757
1125629931
2240832455
325487166
781661329
2238422371
3888954765
4020472037
2516621416
2458511267
3861690281
153932905
3680376393
1140271684
477943614
638575869
3826255035
2218091160
2348812397
1055700429
254720764
722359271
1549512687
589077916
722665205
3560913094
2930183023
2849661339
3674250236
2300716059
1188310586
3415101627
1197894241
2152095010
1511160083
3066011917
578299339
3968650905
1539728838
886377680
415461058
3518322082
192670824
1738320553
597732210
4172307462
221496240
627702400
1798176199
3121275371
4082204271
4161599993
1746227586
885187141
2519950395
2419333762
200668427
3396013482
2187333124
3144983894
1335340583
624526006
9350435
4292449989
956030043
3822949346
1712393616
3453261430
91760238
1992345971
390877121
1509680114
4058579796
1225208145
2865108607
656617565
837147748
2225730504
2537538983
230071761
2005044586
3171259134
4241871404
3568135935
2539179226
409115171
3585087525
1085494877
335396419
2130186657
3290657452
4131454301
252325186
1351027447
3984032886
3350624427
160731872
2957324232
73720285
2320190398
3668277323
2993141551
2530047965
2450528759
563671658
3849931788
2411749462
430074597
907712748
555310392
3252687872
3801819582
3965900604
1069860528
3312421569
1386368264
3814324246
1517019857
3115480813
2672391224
2460203943
2343236972
2959207866
3091899652
3410252419
3610203381
2915179458
432825080
59793905
728102820
2512860059
3539031421
1048813864
161870213
783033870
1930411147
3785840553
406413742
2690473463
2435285962
2356237659
1324606297
723289833
1872826819
2210590923
3870728273
678031091
1032163404
229565360
2365759059
972003726
3842800211
2930550338
343261618
2556739620
2956899506
2173519400
3398060737
1564421173
1735364508
1911291263
2049968180
2556625784
750222861
3257215334
1999897728
658006979
1335532840
152163480
2406014701
4232903159
548930866
3221166796
1762889703
334715081
1768926444
2698802471
3100908409
3829498233
430605806
2997232329
2513307020
1905337629
425628278
1016288155
3802821166
1752585482
2217754966
1085646095
3050299996
2770405418
3109817476
3274496146
604512400
2065231540
861126202
3233016876
1427201098
692135144
3798013405
2774968202
289733084
1664734125
3693164485
2911486374
1051185404
4074719983
3881792971
2339638469
3353378136
3606298217
360854199
49065692
1021742994
1693021413
1257185979
1424447369
2910198534
1059948639
1226113524
4259342877
2427970934
4249746175
1811898809
1174892392
4115179194
2420260190
1502725272
831240803
1175233937
3129737265
3913193080
3889834023
1722130535
1626331662
3599962452
241512924
1654053412
3776533486
241944834
2553164801
4194435438
1591130873
72407492
1659546675
45925199
3378095110
2938827957
2681097181
1433668654
4151358376
926353866
490081838
1595764575
1223864678
3035849038
2410484334
891476325
373831439
355616335
4174872608
2009471108
161721710
2460775455
1201436849
2084576455
2790836533
4256294082
2018785102
3067950329
3710204122
3531262847
74719090
2883540899
1633575407
681872323
3029249410
2711950276
2674199332
2327050301
2340229625
1749191239
2864303962
1604885604
4148548265
2617159965
3850565201
2027142768
919206012
1305361535
2826450675
2188269100
4024525116
3762255537
2438790397
704748572
3018167272
687776415
3589712543
319904215
2558319668
3502713941
4159453511
1595025912
38651725
3970599693
2015368889
671521468
2534417268
358263896
1211695912
1456183806
760865830
2733874672
273790120
29688433
3573104447
210304531
1170218038
1546537752
2918987018
3918724950
2778515494
2607088449
3001760075
2007455841
1792767906
3855318495
299206260
3377370669
2219269109
3445864403
386828162
1037751100
3096000552
1125601619
1731287324
1497384775
1020028025
4150304698
172928896
3947086716
2201916463
3610560071
2831590192
3237928421
2360836582
3932901951
1227398609
4229850087
2572284708
3410859888
842843225
3228353171
1099821660
1202913609
3742956420
1627274828
615784297
646741114
2469287941
435623285
1266147311
1113632766
1654826605
953518159
3733079416
213878512
3978029499
1022763488
208341711
3149717335
2348171066
2659614763
2079333682
250025258
2629683436
4113638002
277500512
2018021996
778818009
908387992
2690181347
93725770
2256068793
900686818
97155146
2826194604
1924818739
1813381509
4034915005
3837246089
4292996184
3148724587
1035631632
4224940621
120357570
3115399361
3818548897
4291380173
1938708579
187256857
2303632927
878353980
3643859196
3492271410
2444606678
131602120
1950670317
2094079529
2947067636
1258270961
3278692398
2412160790
4034202718
843736649
1640918999
1279011791
2513924271
1058769303
2225712250
1139501182
1553064406
894643287
1823811693
3550020374
2870173523
2936317767
1670413208
1848019201
926126991
418761564
1347518285
3474655427
2066835970
3578919851
878333559
3947242188
1832941072
2450804573
1747855977
2261078691
1913332550
407293476
3986371856
3539933483
1944708796
1464761921
1812158450
1926891320
2652758359
18893258
691214630
1031896798
989925889
1552217184
4112808677
1091433742
1559889359
3348269691
3771028190
3967664386
3726921567
3667674599
2218643498
1252205499
3886570059
3946891151
3099070692
1980531534
2753376499
1803904246
4012600499
1205500607
3742677749
483993308
2958660723
2274105811
833902431
918846841
3818460417
1176066264
3030506215
4275395987
1446289474
866155900
462245065
1644587324
583935070
235538886
2937269983
2986500642
2415956374
949333181
1496869895
706758741
3898666322
2078711849
1121220046
1445400837
2393799417
4152430198
922258815
107633656
2389963421
1051656501
2176871315
3787543896
112897062
1794374541
2593178763
162505281
3612205379
1367774217
2340394941
1752487555
2678031196
3233091080
3774766367
332158911
3260465577
3012390882
2297838508
3618012675
1655682352
1210092656
3335881743
1584929843
3963402218
4286870548
544398955
1442299446
1535319943
2735828573
2175754169
2842922442
1470082937
2085062038
379803554
291805418
72056156
2332430412
3010079248
2845861038
584563333
3084612665
2386400481
867480766
4087698947
1881731574
270742134
361863598
1435417459
2680378925
2255965784
1624587249
3529005172
3949063018
578651974
3451943981
3861219510
341767708
2770800287
3858985585
370757046
2460493528
202770832
667197466
3987415319
1153947936
1691583496
3537119351
3091330415
3158588121
2498073059
781525883
2566483925
2525501195
815859539
3845034365
2393130992
1954187918
408798429
4012448217
1194549372
501853035
2960065593
1977869383
2332030331
2715443886
2063828306
841748534
4248925575
2333455373
2689967453
785301275
3072878386
2681984990
1998611715
120532973
563108935
3751993637
3368338055
858547028
2135404897
120534836
3867879136
1414013343
1362698986
3669882878
470796668
3134123800
817482560
1599155478
2658978996
4027865117
370456151
458769975
1656397552
3203634088
1622933677
165690894
3161561550
4198451962
867823360
3833890135
2068963911
18838065
1670387550
2405279443
2588358045
1835920142
3666569248
3978114808
4195778871
104103440
2715884928
2116893757
2985156362
4152393302
3093182492
1636296364
1230529732
2300871612
2807943629
305017301
676109110
2352129496
4024658468
1799614387
1043770346
2345153064
2766391543
3537702394
2103049163
3478792241
3016906673
3812418562
4291316796
567649179
3667167112
3066586522
1026681140
2647579841
3864667796
346032251
1453824354
3887006306
2574894840
2970075798
2998751885
2051579678
1855990058
4115283962
2070383773
2633974894
691847047
3342966110
3653168434
3453421
148659017
2563767116
1481018176
717252384
2732780750
735446413
2485622785
2438214708
613042238
4286168025
2439407857
304380139
531162562
1413999014
859615782
503442669
740818259
1431397309
872785628
3053213246
3339547484
3849807840
1125606630
2535364564
655486285
991687343
3951803489
2494271948
2598251046
2464218422
2875433253
363505426
162335578
3453289349
4043639744
2972427698
1793600925
3243679846
1265108198
630959364
533389788
3188566718
2409029967
2181922854
3311949414
3983509855
3235954370
3504300947
170304643
1656657495
3760924628
604528607
152879548
4228095217
458675965
1907781562
3969666847
1529456019
682463519
1217545860
4198653344
2440448088
3967726940
3003195774
2719447879
3837698973
3372336007
2886287870
2269983398
2554801955
2243913375
358787951
125299892
3208847215
4151027766
1078454967
1448582140
3434224218
812412960
3420311807
1435854781
1889236585
2084947697
102293059
1730862164
797255541
3754927618
1275301132
853262193
320978735
1986239571
1024796511
1154379000
3537766718
2264886173
512762929
2271075240
2517652914
2290104538
974519504
2682064222
4044731293
466145776
3935527498
1040210900
2291870080
90479002
1437030364
900515149
1935595104
357732533
1419480133
564613562
1443444131
2437283399
690824532
1601091951
1102156226
1658251576
2606158768
2076053271
1058501297
790730018
3347511144
2953395631
172421873
4228523170
4135810759
470122281
3953107352
1736675275
1759261139
3064199984
1261497778
2277031516
254427512
2517957914
3881175860
317327368
2697364568
1965836664
2694560995
2276857426
2224257585
1335030313
3374460594
1947667310
3618746050
331364677
4183921008
300076182
4290477849
937998542
3029884408
1172345266
1350482393
46728289
1110159424
344932034
1649274496
1996164183
784833472
75301288
3944139598
2328574604
3940927370
2330746364
953254961
2361892665
3119778739
3517443943
1049709387
2465199711
2304895027
1779393950
329986348
3780528415
3331179377
1385561412
389277915
1814666855
869725088
332507442
4125524328
3224780976
720803000
1136385563
3491514262
2275352312
3155123424
1899537076
2846728404
592597839
1429022161
2572408113
2962067817
2572721060
3936336896
1761944058
136657207
3793429095
1750571779
1774284401
3399099481
1769586381
373384385
61411692
1738321048
2285055882
943636698
3088145540
2677423850
2965266181
3769127422
1876852887
1171955888
2242781744
2882901550
502242837
4154732205
372958073
4236971580
3072211630
4201996307
511219694
3011528189
3307815618
3994125069
1369928685
4073809055
8761457
1769048915
3122916755
223265751
1091330621
125174741
459123822
1826425724
3858127659
819092413
3244018807
3625319033
4036635221
3378015963
1429796477
3537055526
1486111496
1905147882
1077555270
2158366555
4030026912
1099260536
1954734423
667401772
2829858840
2870993697
4106597694
4109610731
1841487014
2900030673
937175118
3907738250
1799791767
4155142440
3485592504
3881072884
3065800171
4196879682
3597017898
1031067861
3144657550
433554674
2715682573
2702513280
1746119787
3388497779
2727988699
1829879313
801100658
1524772241
3420717388
2360391934
3794864182
1260568918
3480414036
3538214786
1311097837
2339106257
3325836468
3776643326
3394600171
384684668
545643837
2754192912
4133314510
3389528656
843915929
659494391
1623350439
742764795
2225279400
2746036975
1416821771
2228614621
269451084
2926705592
3747036163
3927344993
3834355339
928225524
874753319
1504163007
953189961
1173559485
2907485011
3986557900
43766337
2999188200
1515624506
1146540846
3833683904
210447400
2023277194
3448450074
3635213042
1175684109
123650562
3029203510
3930481573
2451571118
2995426058
1264553397
3094866364
3121236246
2106655317
2525655113
2720404919
1712278645
622097933
4021705555
2664806340
901616995
653331420
1657063275
885193863
4217398470
804822734
218870484
1104086116
2689201992
1986434829
2482967896
3730911703
202871624
2239882355
3508038638
4221229596
1449157932
1621060175
3473363271
3794769761
395049460
4068312927
668102833
2044799347
1648232775
3920423250
4230045559
564694925
3052917658
3399400886
3516582735
1087374458
2260855879
3011510917
2434359282
565702093
1578924021
1314648545
593517963
248530815
3351984828
2024689441
359380906
2768794935
2134749251
2265646311
380685674
530000919
1618997597
1944858865
3713504254
3063077468
2185199868
3479944590
3355173839
1960857032
1096672823
2321077238
2719746402
932826484
737087271
1842627464
1909312490
2038979797
1004149801
2762804169
2283072599
3024874768
2052008748
1384606072
3097153701
4026729882
87492142
3504062843
3657186740
3794257796
1735652150
2576545607
2645365945
2125529353
2439310946
2534841653
1812862082
2223789002
885931071
821705438
1778461360
2603447253
1029988909
1216076527
783779919
324810998
3946550253
3929157732
2785156083
2750257445
4287182151
2067027800
4022350840
1538560889
772596242
1741332949
2465249354
220440914
3557711382
1908727099
171296159
3360561774
1144359381
1127975114
790160408
1070888539
176268853
1054479335
823198387
2164933020
1674897794
1139799005
308477838
2634967257
3076271357
2154826671
2074496220
2405801213
2150953650
3265972175
809081650
2873527396
1051442544
3237092710
1482425347
3668754801
1722943186
638101538
2119451133
861312806
4175741990
711294798
3678569288
1238793868
22147671
1041455660
3885498595
1371066830
3080325181
2854743851
1712892438
2102032575
1862629673
1555850250
3145023468
2984377729
2977173283
580567056
4280577608
3723441321
3282578346
454637666
1429409280
4098437503
3996929559
2316346926
3974042546
2452330361
3866728813
52993014
1399742298
2624079896
2642478557
3897217599
314352203
3656818938
407289610
449803787
1438546312
88409766
59553298
2339542647
1043549386
85858608
2494062537
1896141834
3198292891
3563911528
3813482313
1042299098
2129366399
1803481855
858350923
2578677225
3588131121
2757078554
3928958942
2560943823
3743751271
547122077
1362323435
2834267111
2277287036
346828762
2819955516
678118900
1573403785
3098750200
1521347593
1962247523
748719955
562900632
3525812261
553273142
4235000680
3473892932
1352086959
3395869720
228873657
860457537
1953305951
2227218780
1827713370
568694358
1971192552
2828282693
1023112491
71514297
1527753717
2335060594
2620223274
3512483328
1616116782
2811664280
1138330577
3567430738
444176599
1351029712
2288389698
1183804341
317844499
3459323867
3716258037
2411866469
2921105308
3281941881
1748660963
2670064132
2718614472
77335991
2323810497
2060109363
3095121071
3561290077
2927123313
1656355027
3405230690
1457234476
1374703297
943933303
3872796493
2139977254
4097840606
3740046470
296529486
1832954629
2154167703
1759709478
2424244215
2522588033
1816031296
1416599787
2534281083
2554017894
418940689
3738030001
1091566484
2194088751
697003421
2048985536
1325224714
2357967484
297333867
2152305922
378927742
396812982
3493876986
2540901528
1544738012
1316831880
3331135211
228451273
431947725
3334275175
2400577908
4097960121
4264643780
2805736781
272019173
4127341454
3905831524
3581372168
3384841903
3310925596
4228348122
2137440153
485601022
4236969904
582671164
996526150
3990253545
3881118532
3518257424
2020022085
3863664764
4236919516
2406882089
2683471441
1397932177
3086820108
2907618002
4056720735
1445236160
3271001291
3963862222
3816904004
3705107033
3787405605
297094003
1992539908
4110561491
4142555556
1375284104
1077838773
2972662862
2607572052
4281694987
45650740
3026576044
3962192259
1022786568
3903219732
4156012422
2833888445
1301075963
42299165
372118972
3239971361
396721998
243969161
1575457788
4074255379
1688931285
1019987088
1429303903
2495753868
3069747450
1863083167
3836605527
2513998126
2965547969
3975161365
2910359262
188574410
370573476
1164069724
2529906961
1708309505
1182475183
1880922589
1639090086
1622952154
2657236969
2291929181
443477152
1420752459
3615183203
2385962463
2020996229
3486138503
4106861461
1294474402
1174118742
2047052888
1742554298
505326119
2607347758
2527497249
123391733
765638684
689203513
3396738944
1387549775
2305841661
2382948316
3485912789
3077780479
2223894014
3255664526
852890718
3156687899
1366117318
4088150802
2543091154
2863747808
1032651577
2398702766
163549825
357250230
4172089359
2350129270
1165834309
3133856415
80857662
4029895744
1974554406
1768775544
3573625886
1715939282
2849172672
1425568943
1247861928
397439720
610044957
3745760408
2126385990
478104228
943908948
3745096072
1111631500
2317654618
495391320
3562641597
2589531955
104160148
793635587
2967033462
3871907011
820471567
477384735
646083705
1934621349
489289031
2807208149
1678730135
1566285374
426177233
445711141
2065873706
1431794279
3635020315
3514171153
2512826099
2036081068
493151603
1024403256
3136107657
2001197521
2340889015
3896689084
610524697
2913559664
2080976968
690782905
1369216919
653804885
3817815858
3170842225
3331631949
241846057
2144848470
2481820124
2719390539
698651939
2189919794
2143761105
3333022948
130055304
1140275469
3315582573
2371585617
2452177554
1695595268
3671477908
927051737
4054360032
1594397749
4140485824
3610556116
3000240554
46237352
602818651
45448162
1988878194
838043397
1629592206
3182720637
3812554910
894087900
399970157
1995923003
963618224
4011598957
3619027234
2858836744
1074326939
3775818711
1703024702
3476595217
815196645
4256367630
1802277531
3793784457
2212213626
3791445644
117537667
217199823
3626739266
4080915681
696556314
1333197036
1516538910
1679284978
3901917968
3989246055
3437973577
